3943
2083
2873
6719
5581
1462
6611
308
633
2439
6175
5177
4313
3388
3063
3569
1665
4120
5372
4229
9507
2927
2683
2030
3215
3129
5828
8163
2941
5849
9281
6949
5217
6460
7131
8741
228
4203
4146
7282
1454
5752
1425
6899
2075
3165
444
369
7637
4561
4373
8639
5357
6647
1297
2546
1595
1233
5031
4608
5449
7523
6568
381
1851
2338
8063
7095
6647
2111
2826
5959
6844
779
7001
499
8875
1419
5154
2939
1447
1535
6451
1246
2864
153
3244
9293
6116
3948
7616
1722
2121
1762
3669
628
4972
4112
4766
5307
3918
1605
1807
8064
8368
7198
9400
1950
1976
2564
1520
5157
8443
1460
7509
1436
8416
5230
3869
7289
3048
2833
2991
4583
5089
6325
1668
6831
3542
2599
6996
69
8371
903
1150
4821
616
7032
974
3396
1844
1787
630
1353
6402
4823
6721
2176
4969
4800
6857
3411
4766
2581
7302
1569
2122
5375
3272
4963
4317
5818
7498
4998
8916
3105
1919
9544
7312
8317
6507
7551
3644
8278
8602
9163
1851
4624
3208
4107
6402
5765
3132
2635
5574
3652
6074
8422
4830
4939
4593
6624
774
6317
96
1657
1234
1490
2241
6823
183
3267
5809
7748
9221
5197
7827
9596
7499
3648
289
3906
8074
44
341
1234
2373
3063
2656
4588
2160
8506
5747
5357
3630
4769
5112
184
7013
4720
9102
4357
4776
2523
1284
3259
924
5021
3430
1009
747
612
8301
3756
4934
4866
2228
3020
4648
2010
7820
1125
6323
5423
2305
2568
5890
8517
8426
1612
1526
7045
8339
4327
5254
7604
4784
4106
5588
1594
7451
5938
2149
2903
7372
4596
4909
2460
8525
7999
3564
7644
4781
7780
6076
7866
7304
1232
1496
828
1612
6627
2207
3265
7676
5716
2088
2775
5211
2397
829
8741
1593
766
3392
5534
2524
7340
2347
666
9243
4146
2258
6731
9119
2120
4362
2585
4036
7840
5761
1986
7351
1346
2832
4446
2321
6748
9076
7039
88
5612
1810
6517
3781
8885
4093
4227
9122
851
7769
6754
5224
2063
5715
6992
4024
9173
3288
6553
5034
5178
1143
1179
6713
6088
6443
883
9514
5886
1498
2065
5219
4793
1820
1563
6724
2086
5820
2301
1459
3055
8225
2521
6396
1127
3910
798
7698
5830
1379
8090
2220
4955
3367
4752
2751
7660
70
7127
7748
4894
2449
7356
382
7045
7059
2080
1748
6782
4669
8157
1770
3089
6995
2042
7944
3281
1414
5855
7692
227
3580
861
4278
8223
1988
4564
5454
1544
2476
962
2369
3975
1194
7264
6401
9195
1704
2883
9212
4666
3689
2002
8775
5375
778
5129
8136
1699
3854
2806
9718
8067
7077
6322
7496
6968
4738
5442
1806
1320
1319
4779
4339
8062
3002
8143
6329
4317
6506
3469
6527
5982
8289
8928
1369
3802
8735
3964
2772
4247
6400
5036
2723
1010
2521
5176
1819
1537
1109
7189
8802
8172
4639
7008
7006
7377
8278
5621
5301
3120
7523
5176
1395
3220
7275
8442
7123
4358
